0.000705473
0.000136353
0.00022754
0.000314458
0.00571313
0.00113314
0.00142703
0.00177595
0.0417406
0.00806308
0.0116384
0.0105161
0.327104
0.0651799
0.0727053
0.0968574
2.45015
0.523473
0.570714
0.676811
19.7035
4.36699
4.6464
5.44801
0.000631982
0.000146042
0.000183856
0.000217049
0.0053502
0.00117245
0.00157958
0.00168033
0.0402805
0.00820087
0.00890392
0.0101381
0.311287
0.0662308
0.0715074
0.0880044
2.46797
0.531459
0.632362
0.859512
19.6696
4.4334
5.17555
6.91456
0.000630899
0.000144219
0.000226208
0.000215747
0.00541604
0.00115665
0.00127487
0.00157798
0.0392796
0.00808169
0.00889861
0.0104131
0.314762
0.0646174
0.0716112
0.102649
2.45872
0.524203
0.570683
0.687462
19.6781
4.36762
4.67504
5.53344
0.000631791
0.000144289
0.000188113
0.000226798
0.00532114
0.00115434
0.00143441
0.0014518
0.0393595
0.00806643
0.00887217
0.0105757
0.31125
0.0652311
0.0713714
0.0948575
2.46213
0.528891
0.570275
0.655585
19.693
4.36167
4.64153
5.28579
0.000670967
0.000143628
0.000166713
0.000244092
0.00562813
0.00112485
0.00135373
0.00165616
0.0410853
0.00806727
0.0109092
0.0107665
0.313274
0.0652362
0.0714863
0.0941842
2.54003
0.52328
0.571229
0.781769
20.0798
4.37444
4.64133
6.28479
